[["(0.2055934224724031, 0.5320400523631101, 1, 0.5662229376849766, 0.8035575290177315, 0.8912838360172752, 0.6006013329427222, 0.30329499833138707)", 0.4], 
["(0.9717517821456297, 0.7832613839854221, 10, 0.9092272176511147, 0.9955414778306153, 0.8236770976806411, 0.8489531466462629, 0.43768362143761647)", 0.2]]

-------------------------
[["(0.36425049368211093, 0.49313402096414294, 1000, 0.602227525679401, 0.9409684975677948, 0.6983741846742393, 0.9753132600006056, 0.2893262807815137)", 14.0], 
["(0.5309396549537501, 0.9609306388150116, 10000, 0.9259634075878482, 0.6656734066606302, 0.7013364177143085, 0.7127145679052991, 0.6248473194586639)", 8.0], 
["(0.034138609386633156, 0.34021572621238394, 10000, 0.7378401881611867, 0.5336932527617799, 0.9914064716183743, 0.8555182079975023, 0.31086839170074165)", 7.0],
 ["(0.3835277134707984, 0.2483526806190074, 1000, 0.8580286382674559, 0.8998297738159043, 0.9339441659463702, 0.7188940099869721, 0.3496949621726597)", 6.6], 
["(0.9224392779638396, 0.11543488735053564, 10000, 0.812678970283849, 0.5260632989227446, 0.5426756309226879, 0.6223487802662238, 0.3648208075577928)", 5.6],
 ["(0.43352698962612657, 0.36120138461570606, 1000, 0.9790431090484314, 0.5713575802209443, 0.6470644823530446, 0.581743961067158, 0.4995080605587625)", 3.2],
 ["(0.436909158405532, 0.9262027416255318, 1000, 0.9994333803710413, 0.9739318986657819, 0.9117111528101871, 0.6870624797736182, 0.7255030434453984)", 2.2],
 ["(0.1988797203260012, 0.61462822813994, 10000, 0.9942116226462279, 0.8282766515390734, 0.5964617352002627, 0.5141117079589328, 0.6963399565074427)", 2.2], 
["(0.4398901256017075, 0.8495769238553786, 1000, 0.6495808451300727, 0.6576056361218763, 0.93368690099467, 0.754511493885605, 0.4769382816839316)", 1.8], 
["(0.8009894368433846, 0.46862885702093815, 1000, 0.8893137851277422, 0.8572806700220108, 0.6998159509798784, 0.5434309704243554, 0.9797373009510251)", 1.8],
 ["(0.5046462784660214, 0.7246353348035409, 100, 0.7324993111525986, 0.8171474656197153, 0.8821777400418099, 0.5278779338726418, 0.43143861549035967)", 1.8], 
["(0.5116263024763954, 0.356683182965831, 10000, 0.9610467884280556, 0.7707101191767765, 0.7427897312615949, 0.6650736914791919, 0.6369670273446902)", 1.6],
 ["(0.07312904925594621, 0.0030867290852821805, 1000, 0.6071074635428988, 0.6222635661766693, 0.8211876470170503, 0.8992538542980641, 0.8180910280835373)", 1.6],
 ["(0.9566349077981101, 0.2153556511368847, 1000, 0.9346913867949254, 0.5230582562442163, 0.6230985365593256, 0.8091826089502832, 0.810003014305302)", 1.4], 
["(0.8494073352058682, 0.20643450691988618, 1, 0.6648219328268351, 0.5055755569758307, 0.6099148246832831, 0.5122385370188814, 0.9036061236307626)", 1.4], 
["(0.7517839073788841, 0.052006539800142915, 10000, 0.7299264595206685, 0.7557853735000535, 0.6792423744278289, 0.9148706639425898, 0.9752631321168478)", 1.4],
 ["(0.4005503847508125, 0.9955985436827993, 10, 0.8212306055352976, 0.7729130604090862, 0.5912256525358175, 0.9877352498179166, 0.9810056988013668)", 1.4], 
["(0.14304920644467534, 0.8672483636191369, 1000, 0.6182269063519976, 0.9550039990383958, 0.5774205169251745, 0.7823270969880558, 0.8883343201674423)", 1.2],
 ["(0.49219356616981, 0.4715311346662211, 100, 0.828837825338888, 0.8574105074849511, 0.9714229828897154, 0.7923264632858553, 0.29728571980780416)", 1.2],
 ["(0.4168076576523033, 0.38942455120515496, 10, 0.5774663493292691, 0.6909164957116243, 0.6393147633437257, 0.6252613733709474, 0.7698367125740415)", 1.2], 
["(0.591546768277255, 0.8673328820530999, 1, 0.7763260541470733, 0.8846580731610387, 0.6290134996730289, 0.7700958663495008, 0.9676612590741993)", 1.2],
 ["(0.7876661358590291, 0.7056705370485857, 1000, 0.8192567314963211, 0.7793378099804207, 0.865616571669027, 0.9936000705978421, 0.6721321116059464)", 1.2],
 ["(0.8060408117773563, 0.8865676998878721, 1000, 0.8521206524667223, 0.7142651119546255, 0.8622042404237691, 0.9894503940535097, 0.7610680467807153)", 1.0], 
["(0.7003590404000238, 0.7718288589416703, 1000, 0.804283136087152, 0.6844062477892772, 0.9932308334821547, 0.6709962585763103, 0.8813008528587472)", 1.0], 
["(0.14099442484782398, 0.7653701143220343, 100, 0.6696743457285963, 0.7507551067006604, 0.8498786929183757, 0.5686226718266753, 0.4666301055920336)", 1.0], 
["(0.7568315825803666, 0.1752809860160094, 100, 0.8655463984403009, 0.6330159224397752, 0.5341094692629238, 0.767822389200334, 0.6297399586308227)", 1.0], 
["(0.4159009321548959, 0.3057936189925381, 100, 0.6784006795375022, 0.8698138245393598, 0.8408969098719166, 0.6938843172466908, 0.7035862761746496)", 1.0], 
["(0.6146468609236214, 0.7909710856461701, 1, 0.817616578546723, 0.9715860569818386, 0.710795050466885, 0.5697514774027964, 0.7902768114329174)", 1.0], 
["(0.7167699413958311, 0.22132990746878844, 100, 0.7469930815413892, 0.9621514806742126, 0.7506308613289963, 0.804153813403246, 0.7681592646409291)", 1.0], ["(0.7601734989534309, 0.2303805497046535, 1000, 0.9875564632263935, 0.7070782569091769, 0.8360330341416253, 0.6458829177935586, 0.9375888491811931)", 1.0], ["(0.6512757796903239, 0.2154602474355336, 1000, 0.7672754582666116, 0.8412064738394276, 0.5400760337318667, 0.8165605131637489, 0.8752566193333671)", 1.0], ["(0.06651059547291915, 0.9832312180771583, 100, 0.7197119831149055, 0.9845658352896061, 0.5258585749780471, 0.6770888256554748, 0.7440169811719899)", 0.8], ["(0.01608696268048526, 0.06244011033777819, 100, 0.822995989303418, 0.6972113933925825, 0.7171479010650856, 0.5757114656441356, 0.8206613950576406)", 0.8], ["(0.854313216812009, 0.9178540071492504, 100, 0.561995477845781, 0.9881119624582533, 0.7368698791558613, 0.8529192526120649, 0.35128444130753567)", 0.8], ["(0.8321790169369202, 0.6199233237056929, 1, 0.8351241444856072, 0.8794650763543033, 0.8489664875790782, 0.8325053871227786, 0.6494830486772908)", 0.8], ["(0.4583242907251184, 0.544676528099682, 10000, 0.5720764528981899, 0.6278934218868971, 0.8660050722869352, 0.6930742888117684, 0.9176097150695107)", 0.8], ["(0.43190942346531436, 0.2700235252069486, 1000, 0.54081599526806, 0.6486399783203493, 0.6855704014457633, 0.556625412004573, 0.9336985326115392)", 0.8], ["(0.3392451545549211, 0.08302947496425084, 10, 0.9824631003306284, 0.9931020032290324, 0.7532260355543866, 0.9248031557757507, 0.836229411466374)", 0.6], ["(0.8685961267186362, 0.3565550140941084, 1, 0.7855063873861798, 0.6829324756768811, 0.6978405131218371, 0.7672874463037711, 0.4267656508040365)", 0.6], ["(0.44641107553199966, 0.22851637357611543, 10, 0.5426595554569458, 0.972190291015799, 0.7352532975786404, 0.7615124498173382, 0.37287626480599106)", 0.6], ["(0.3926247129836191, 0.28159926543539926, 1000, 0.6011548018991794, 0.7371278590693053, 0.606912691094325, 0.7243908935661929, 0.42583106335668236)", 0.6], ["(0.8064710117362148, 0.6822968093310885, 1000, 0.6181233796162598, 0.6190354454057279, 0.5467958647380976, 0.8016301669578535, 0.6093055015814892)", 0.6], ["(0.311782032401938, 0.6084103550137786, 10000, 0.8590130152186934, 0.5713454814890719, 0.6736954446258472, 0.6406623501156222, 0.871280763693971)", 0.6], ["(0.6086888854230976, 0.8391979257954177, 10, 0.5388574364792418, 0.9236478036229208, 0.8998333225648841, 0.9416423068007316, 0.6596061891209044)", 0.6], ["(0.9316728680913456, 0.04926231059906516, 10, 0.6016072047692145, 0.9695081699286319, 0.6116905547310032, 0.8142729793014367, 0.9397073399226513)", 0.6], ["(0.3249757347621903, 0.5033132223761706, 1, 0.9588233995832968, 0.726831778138424, 0.6348989336842816, 0.6315954114015605, 0.6819268160514014)", 0.6], ["(0.37386612261467056, 0.5375989599830011, 100, 0.9459255483592728, 0.5121340558324375, 0.6018051723040835, 0.5653623734027348, 0.9669626278775596)", 0.6], ["(0.14833653821050397, 0.32122069678925635, 10000, 0.7288799436105933, 0.8427925787642752, 0.8994117901437126, 0.8254666499416421, 0.8609093628455083)", 0.6], ["(0.9058359730641523, 0.48933336421081486, 1, 0.9374507203650191, 0.8369788830379592, 0.7484725864926509, 0.9652530588808729, 0.9683807414491825)", 0.6], ["(0.35264505859810535, 0.05201150660278975, 1000, 0.6623581057455568, 0.840044529848593, 0.7317145209826948, 0.7229625158397687, 0.9444104523913561)", 0.6], ["(0.5577865407461322, 0.6941627722935386, 1000, 0.5647686031310167, 0.7351016693946018, 0.9143824071060161, 0.8342731982388443, 0.9524013566255621)", 0.6], ["(0.6395816444161994, 0.9858389375497182, 1, 0.5278960461906543, 0.9234963332074254, 0.753616664107708, 0.8548520719459469, 0.8390202528274348)", 0.6], ["(0.6187851386678553, 0.6086181332916786, 1, 0.577311124007928, 0.6196286985203883, 0.6719681145719395, 0.9506422940975303, 0.8330912128293289)", 0.6], ["(0.6656051979233963, 0.21973290099743947, 10, 0.8321314287409001, 0.9068840384682844, 0.8539818270851374, 0.5898704433150384, 0.48739877647958235)", 0.6], ["(0.07741648144128643, 0.04541021416001878, 1, 0.9509570247539296, 0.5855124344425652, 0.7230360684919763, 0.9403864597555209, 0.27734447258681416)", 0.6], ["(0.9789113784418402, 0.2888884167269734, 100, 0.7307747263685627, 0.8420387188304559, 0.6743792910957751, 0.8549845637491771, 0.8729118134832097)", 0.6], ["(0.17476936125484033, 0.885048216083086, 10000, 0.6653683653497131, 0.9813191486043361, 0.7053848782250833, 0.5504888593563795, 0.6420306790034859)", 0.6], ["(0.27852099065995306, 0.3902989605355831, 1000, 0.67512672649613, 0.6051894423640418, 0.6897900390841923, 0.7878936213265793, 0.39798088721988994)", 0.6], ["(0.13698212646700036, 0.2874079231271893, 10, 0.6634309096719309, 0.9250262633056916, 0.8325838623706677, 0.6795571265606418, 0.49496653424182985)", 0.6], ["(0.8161608443937716, 0.7344047398179727, 1000, 0.6951671796416119, 0.7868100528430721, 0.8699737661979874, 0.7068948408651001, 0.9478295584663107)", 0.4], ["(0.9150609859699551, 0.8596625544960032, 100, 0.6982784684261073, 0.5034294034392028, 0.5951913691733269, 0.7788133465233633, 0.42403751518741756)", 0.4], ["(0.46265700660259834, 0.7670811304732384, 1, 0.5577218263383471, 0.8956223895408733, 0.6711466973290192, 0.6851072362519361, 0.6545499673579385)", 0.4], ["(0.5902343733669536, 0.42110131485013214, 1, 0.8442276034818442, 0.5239306429388628, 0.6211585215399882, 0.5624339895050088, 0.2738517479797803)", 0.4], ["(0.3531562608240324, 0.6724246725023714, 10, 0.675658414009819, 0.7612673047555438, 0.7197117688469336, 0.632819004157024, 0.47844680956334446)", 0.4], ["(0.8232735170352536, 0.3053647902536185, 10, 0.9642954690222605, 0.9801429323215585, 0.6504723257267682, 0.5316852947190096, 0.29464896334164503)", 0.4], ["(0.17863178083192432, 0.4894557821201527, 1000, 0.7155337516644376, 0.9662337276039252, 0.5244525552772605, 0.6497342134363132, 0.7182034302131841)", 0.4], ["(0.0867380791596628, 0.5582645750745775, 1, 0.85548399610384, 0.5560600454626636, 0.7398355378987013, 0.8139766265906583, 0.9186169611640806)", 0.4], ["(0.08196286352964044, 0.24775114313726398, 10000, 0.9191115186209993, 0.6753171736645321, 0.7017940678820055, 0.6591280242803316, 0.8891241302708622)", 0.4], ["(0.6807813392347294, 0.02447296088339912, 10000, 0.5991404929389946, 0.941771882027131, 0.6933782070863915, 0.928448455731548, 0.7295128769270666)", 0.4], ["(0.5290894179333283, 0.3162776506600127, 10, 0.9184901973129552, 0.5430311221460742, 0.8215097839376462, 0.7819271518516276, 0.969729020267481)", 0.4], ["(0.716321017594016, 0.6418399837916128, 10000, 0.9161040249764172, 0.8901453360270486, 0.7247165567022134, 0.6903822806520192, 0.8336674744446524)", 0.4], ["(0.2441940486346793, 0.19864190175930974, 10, 0.8197168244571846, 0.5861530928285179, 0.653190057955988, 0.5847525301748788, 0.6350091997362363)", 0.4], ["(0.804465249554795, 0.5685371502264973, 10000, 0.5399666008623267, 0.5564651918767909, 0.7308775406931081, 0.6153138632686667, 0.9633497980478178)", 0.4], ["(0.2820563966878762, 0.8254796228262241, 1, 0.5032780757300459, 0.5136991763347094, 0.6352222065409486, 0.737368934585912, 0.8433359187961469)", 0.4], ["(0.2218319394107211, 0.38442974567949817, 10000, 0.653370208584292, 0.7287686736487105, 0.9489830821210006, 0.9306202900566675, 0.8347141381796521)", 0.4], ["(0.6379485513110119, 0.6793602992317788, 100, 0.9008943171899433, 0.8806274333969687, 0.5783382089761124, 0.5696764552202688, 0.6909862929240363)", 0.4], ["(0.9098717462702831, 0.2462274849826539, 100, 0.7837407041978897, 0.7005828183047196, 0.5229450927623043, 0.6953501225221013, 0.5871287055876437)", 0.4], ["(0.5513018611112102, 0.7837269819029005, 100, 0.7719824998449092, 0.9043785743270323, 0.5708413058399215, 0.8105616737562217, 0.7234391015382734)", 0.4], ["(0.2857115984959516, 0.3879768032854909, 10, 0.9840068553959622, 0.9837271635648837, 0.5246018828524486, 0.8917503177638693, 0.6621622889911517)", 0.2], ["(0.9299407900363408, 0.6727312784368668, 1, 0.5034153412136948, 0.5802747713807372, 0.7021282120361749, 0.7118822099723718, 0.28556046566333787)", 0.2], ["(0.17206592350599592, 0.879102718318472, 1, 0.8476766789407486, 0.9768223867594956, 0.6932481590570776, 0.6369034192258589, 0.3750084584142782)", 0.2], ["(0.5190681556098479, 0.5646011213963056, 100, 0.817942588183548, 0.8543461667505748, 0.6091547961871684, 0.5976875020912233, 0.4482026724383772)", 0.2], ["(0.1003922028801324, 0.2716466068701815, 10000, 0.7869946855916834, 0.8719016126333223, 0.8876379566123935, 0.763665050986538, 0.7976845563031992)", 0.2], ["(0.6319152661231966, 0.320131307385656, 1, 0.7860868687882931, 0.9965318180020502, 0.7545438593742435, 0.8267569155691846, 0.4220993524852171)", 0.2], ["(0.8225106618125446, 0.01374751400781904, 1, 0.8344477720753737, 0.8127914311954689, 0.8277426461205185, 0.9339929004963355, 0.330188191704494)", 0.2], ["(0.1643014250934608, 0.558629098715256, 1000, 0.9983861399614327, 0.9427673611470762, 0.6839077110654254, 0.5833822178487863, 0.45224326778916035)", 0.2], ["(0.13662812959514614, 0.6658757511769382, 10, 0.8512684611423288, 0.5877566931390361, 0.7845726821723474, 0.8366495501847999, 0.7888083823926795)", 0.2], ["(0.12851220944303543, 0.6952122428760609, 10000, 0.9001971102878892, 0.9864453657652527, 0.5962799619848215, 0.5013460655721504, 0.8584638758986516)", 0.2], ["(0.9788170316136401, 0.4486204525442373, 10, 0.502155331376634, 0.5523060567828006, 0.8386978351537344, 0.7085143415553825, 0.4631063271944584)", 0.2], ["(0.92415906291612, 0.4938497048170717, 10, 0.573406272484282, 0.5588245085090455, 0.6321066369622617, 0.648533350239006, 0.3900746587112959)", 0.2], ["(0.556911112702301, 0.6433767591167888, 100, 0.5581742627970363, 0.8327035435953034, 0.8575305235587913, 0.9502757552329419, 0.49395127800355365)", 0.2], ["(0.646476567413556, 0.12044119445030055, 10, 0.5880505582346398, 0.6959339432760461, 0.6580924644007488, 0.8016603486510475, 0.6550894594197842)", 0.2], ["(0.13373217288971007, 0.579729768455871, 1, 0.6645590468822598, 0.8272605861866171, 0.6357985154753975, 0.7266235136077127, 0.6192118059220912)", 0.2], ["(0.6108199993704201, 0.737479426987144, 100, 0.6629535029890634, 0.9209743264909165, 0.5430500719390107, 0.7935857547431571, 0.9929210035838368)", 0.2], ["(0.7727390532043176, 0.20047892834241576, 10, 0.9534807215036758, 0.9867593706743898, 0.5307058090591918, 0.9914907202265055, 0.6368483291950449)", 0.2], ["(0.46078677541304625, 0.12842879177088729, 1, 0.6856746351362484, 0.745878033621511, 0.7459985592360117, 0.8189297222266647, 0.4304983188952246)", 0.0], ["(0.7208008329253546, 0.6323660656884434, 1, 0.5084195707299644, 0.9081596575304494, 0.6119577379279555, 0.8793785911920187, 0.5181119248344523)", 0.0], ["(0.9433074357574049, 0.016253756008246967, 1, 0.7259225879093042, 0.6823029626687372, 0.9570322253591466, 0.9603732878667179, 0.4087966703437683)", 0.0], ["(0.43292720837779963, 0.9402483607368987, 100, 0.5468877968792909, 0.8763639573495909, 0.7735192658594925, 0.5039551576979844, 0.6402528919011156)", 0.0], ["(0.8038091590549181, 0.18083406503180588, 1, 0.6062517859330117, 0.7908052828660723, 0.982907884158861, 0.5236054087637523, 0.3969039436493347)", 0.0]]
-------------------------------